Avg_BER1_Before: 0.404439 Avg_BER1_AfterSIC: 0.000836 Avg_BER2_Before: 0.000000 Avg_BER2_AfterSIC: 0.000533 Alpha: 0.100000 SNR:  10.000000
Avg_BER1_Before: 0.492577 Avg_BER1_AfterSIC: 0.000603 Avg_BER2_Before: 0.000000 Avg_BER2_AfterSIC: 0.000590 Alpha: 0.100000 SNR:  10.000000
Avg_BER1_Before: 0.491116 Avg_BER1_AfterSIC: 0.000938 Avg_BER2_Before: 0.000000 Avg_BER2_AfterSIC: 0.000408 Alpha: 0.100000 SNR:  10.000000
